569.76	0.00280112
1139.616	0.005602241
1533.632	0.008403361
1820.384	0.011204482
1938.08	0.014005602
1960.928	0.016806723
2032.192	0.019607843
2063.488	0.022408964
2089.728	0.025210084
2183.296	0.028011204
2195.52	0.030812325
2308.352	0.033613445
2402.208	0.036414566
2469.344	0.039215686
2505.952	0.042016807
3147.712	0.044817927
3191.264	0.047619048
3938.304	0.050420168
4056.864	0.053221289
4537.024	0.056022409
4564.832	0.058823529
4619.488	0.06162465
4703.52	0.06442577
4884.128	0.067226891
4911.008	0.070028011
5002.56	0.072829132
5014.464	0.075630252
5076.736	0.078431373
5093.952	0.081232493
5272.8	0.084033613
5329.088	0.086834734
5352.032	0.089635854
5368.64	0.092436975
5368.704	0.095238095
5369.792	0.098039216
5377.216	0.100840336
5394.144	0.103641457
5403.136	0.106442577
5415.392	0.109243697
5453.888	0.112044818
5461.792	0.114845938
5531.936	0.117647059
5592.48	0.120448179
5616.128	0.1232493
5636.8	0.12605042
5647.552	0.128851541
5650.464	0.131652661
5651.808	0.134453782
5688.608	0.137254902
5696.448	0.140056022
5698.08	0.142857143
5699.168	0.145658263
5699.712	0.148459384
5704.064	0.151260504
5711.296	0.154061625
5713.152	0.156862745
5722.272	0.159663866
5740.288	0.162464986
5744.32	0.165266106
5774.176	0.168067227
5782.208	0.170868347
5785.6	0.173669468
5795.136	0.176470588
5801.92	0.179271709
5804.192	0.182072829
5804.768	0.18487395
5805.312	0.19047619
5807.104	0.193277311
5815.232	0.196078431
5868.64	0.198879552
5906.72	0.201680672
5912	0.204481793
5915.072	0.207282913
5920.288	0.210084034
5921.44	0.212885154
5923.008	0.215686275
5925.664	0.218487395
5934.56	0.221288515
5943.488	0.224089636
5955.104	0.226890756
5958.912	0.229691877
5970.304	0.232492997
5988.864	0.235294118
5994.496	0.240896359
5998.432	0.243697479
6004.96	0.246498599
6040.704	0.24929972
6041.248	0.257703081
6060	0.260504202
6060.416	0.263305322
6064.352	0.266106443
6065.984	0.268907563
6075.36	0.271708683
6076.256	0.274509804
6076.992	0.280112045
6084.192	0.282913165
6089.216	0.285714286
6089.344	0.288515406
6089.408	0.291316527
6089.632	0.294117647
6093.664	0.296918768
6095.04	0.299719888
6100.64	0.302521008
6106.432	0.305322129
6124.832	0.308123249
6135.84	0.31092437
6136.384	0.31372549
6153.952	0.316526611
6159.136	0.319327731
6160.032	0.322128852
6164.032	0.324929972
6165.824	0.327731092
6167.008	0.330532213
6168.448	0.333333333
6171.584	0.336134454
6197.28	0.338935574
6204.608	0.341736695
6205.152	0.344537815
6208.832	0.347338936
6210.944	0.350140056
6218.272	0.352941176
6222.368	0.355742297
6225.12	0.358543417
6233.216	0.361344538
6242.528	0.364145658
6251.968	0.366946779
6254.08	0.369747899
6258.56	0.37254902
6264	0.37535014
6278.784	0.378151261
6287.232	0.380952381
6288.736	0.383753501
6289.28	0.386554622
6290.368	0.389355742
6296.16	0.392156863
6300.288	0.394957983
6301.12	0.397759104
6311.392	0.400560224
6311.84	0.403361345
6313.472	0.406162465
6317.504	0.408963585
6321.76	0.411764706
6329.12	0.414565826
6329.6	0.417366947
6330.944	0.420168067
6343.232	0.422969188
6347.04	0.425770308
6348.544	0.428571429
6350.848	0.431372549
6360.224	0.434173669
6360.768	0.43697479
6362.944	0.43977591
6370.336	0.442577031
6371.232	0.448179272
6371.776	0.450980392
6372.32	0.453781513
6372.864	0.456582633
6379.168	0.459383754
6381.696	0.462184874
6383.936	0.464985994
6396.512	0.467787115
6401.824	0.470588235
6406.432	0.473389356
6410.88	0.476190476
6427.52	0.478991597
6430.56	0.481792717
6430.88	0.484593838
6453.792	0.487394958
6454.272	0.490196078
6455.904	0.492997199
6473.568	0.495798319
6478.464	0.49859944
6481.184	0.50140056
6483.712	0.504201681
6491.104	0.507002801
6510.752	0.509803922
6514.208	0.512605042
6516.352	0.515406162
6519.968	0.518207283
6528.256	0.521008403
6532.672	0.523809524
6532.96	0.526610644
6535.168	0.529411765
6539.072	0.532212885
6540.96	0.535014006
6544.864	0.537815126
6559.584	0.540616246
6561.024	0.543417367
6564.768	0.546218487
6571.424	0.549019608
6584.608	0.551820728
6585.696	0.554621849
6586.24	0.557422969
6590.56	0.56022409
6605.12	0.56302521
6607.776	0.565826331
6608.256	0.568627451
6609.344	0.571428571
6619.808	0.574229692
6624.48	0.577030812
6625.472	0.579831933
6631.904	0.582633053
6633.664	0.585434174
6636.64	0.588235294
6638.016	0.591036415
6639.008	0.593837535
6639.648	0.596638655
6646.272	0.599439776
6646.976	0.602240896
6649.568	0.607843137
6652.288	0.610644258
6652.384	0.613445378
6652.832	0.616246499
6654.464	0.619047619
6664.032	0.621848739
6666.56	0.62464986
6667.616	0.62745098
6667.648	0.633053221
6670.784	0.635854342
6679.2	0.638655462
6703.392	0.641456583
6709.312	0.644257703
6717.536	0.647058824
6728	0.649859944
6733.152	0.652661064
6738.272	0.655462185
6750.144	0.658263305
6756.032	0.661064426
6762.528	0.663865546
6766.176	0.666666667
6767.808	0.669467787
6770.368	0.672268908
6773.792	0.675070028
6779.36	0.677871148
6784.16	0.680672269
6803.008	0.683473389
6812.224	0.68627451
6813.472	0.68907563
6820	0.691876751
6831.552	0.694677871
6832.096	0.697478992
6836.032	0.700280112
6842.848	0.703081232
6852.224	0.705882353
6870.144	0.708683473
6877.216	0.711484594
6891.264	0.714285714
6896.512	0.717086835
6901.184	0.719887955
6903.072	0.722689076
6916.768	0.725490196
6928.992	0.728291317
6943.808	0.731092437
6962.56	0.733893557
6963.168	0.736694678
6965.28	0.739495798
6972.16	0.742296919
6974.528	0.745098039
6978.464	0.74789916
6984.576	0.75070028
6986.08	0.753501401
6987.712	0.756302521
6992.192	0.759103641
7001.568	0.761904762
7012.576	0.764705882
7016.512	0.767507003
7016.928	0.770308123
7018.56	0.773109244
7042.208	0.775910364
7046.144	0.778711485
7077.536	0.781512605
7082.848	0.784313725
7084.064	0.787114846
7097.248	0.789915966
7098.336	0.792717087
7105.536	0.795518207
7114.784	0.798319328
7115.872	0.801120448
7118.72	0.803921569
7120.352	0.806722689
7121.984	0.81232493
7129.056	0.81512605
7129.6	0.817927171
7138.016	0.820728291
7144.544	0.823529412
7145.632	0.826330532
7148.352	0.829131653
7154.464	0.834733894
7156.64	0.837535014
7196.192	0.840336134
7203.392	0.843137255
7205.024	0.845938375
7208.288	0.848739496
7209.376	0.851540616
7219.392	0.854341737
7222.56	0.857142857
7236.416	0.859943978
7239.68	0.862745098
7265.088	0.865546218
7287.52	0.868347339
7307.904	0.871148459
7308.992	0.87394958
7311.712	0.8767507
7331.008	0.879551821
7331.552	0.882352941
7332.64	0.885154062
7339.296	0.887955182
7345.824	0.890756303
7348	0.893557423
7368.384	0.896358543
7393.664	0.899159664
7405.216	0.901960784
7413.504	0.904761905
7453.056	0.907563025
7465.024	0.910364146
7468.416	0.913165266
7498.176	0.915966387
7509.728	0.918767507
7542.752	0.921568627
7544.384	0.924369748
7569.12	0.927170868
7571.84	0.929971989
7619.136	0.932773109
7635.04	0.93557423
7637.344	0.93837535
7655.424	0.941176471
7672.96	0.943977591
7673.088	0.946778711
7714.816	0.949579832
7734.656	0.952380952
7788.48	0.955182073
7802.88	0.957983193
7853.984	0.960784314
7900.736	0.963585434
7956.32	0.966386555
7957.536	0.969187675
7971.392	0.971988796
8025.632	0.974789916
8055.264	0.977591036
8065.184	0.980392157
8094.272	0.983193277
8115.2	0.985994398
8199.392	0.988795518
8433.088	0.991596639
9798.976	0.994397759
10934.336	0.99719888
13269.152	1
