2091.136	0.00280112
2399.456	0.005602241
2538.08	0.008403361
2740.928	0.011204482
2742.272	0.014005602
2837.408	0.016806723
2848.416	0.019607843
2919.904	0.022408964
2954.336	0.025210084
2967.2	0.028011204
2979.296	0.030812325
3239.072	0.033613445
3243.36	0.036414566
3572.704	0.039215686
3675.008	0.042016807
3682.56	0.044817927
3688	0.047619048
3753.408	0.050420168
3902.496	0.053221289
3995.424	0.056022409
4045.824	0.058823529
4057.184	0.06162465
4129.536	0.06442577
4189.856	0.067226891
4195.072	0.070028011
4230.08	0.072829132
4304.288	0.075630252
4341.28	0.078431373
4348.512	0.081232493
4353.824	0.084033613
4409.536	0.086834734
4597.632	0.089635854
4612.768	0.092436975
4641.792	0.095238095
4677.984	0.098039216
4678.496	0.100840336
4717.92	0.103641457
4758.464	0.106442577
4786.272	0.109243697
4834.208	0.112044818
4873.6	0.114845938
4892.416	0.117647059
4894.4	0.120448179
4900	0.1232493
4905.824	0.12605042
5092.672	0.128851541
5151.04	0.131652661
5200.384	0.134453782
5208.064	0.137254902
5248.928	0.140056022
5249.6	0.142857143
5259.552	0.145658263
5264.928	0.148459384
5288.576	0.151260504
5294.976	0.154061625
5303.808	0.156862745
5304.384	0.159663866
5342.912	0.162464986
5347.168	0.165266106
5354.912	0.168067227
5363.872	0.170868347
5370.176	0.173669468
5383.232	0.176470588
5385.696	0.179271709
5409.28	0.182072829
5436.864	0.18487395
5447.872	0.18767507
5456.544	0.19047619
5474.528	0.193277311
5482.368	0.196078431
5507.264	0.198879552
5516.352	0.201680672
5526.56	0.204481793
5541.92	0.207282913
5555.648	0.210084034
5566.656	0.212885154
5582.304	0.215686275
5591.392	0.218487395
5615.744	0.221288515
5621.728	0.224089636
5624.704	0.226890756
5629.6	0.229691877
5661.536	0.232492997
5663.2	0.235294118
5670.304	0.238095238
5672.448	0.240896359
5686.848	0.243697479
5686.944	0.246498599
5695.84	0.24929972
5695.904	0.25210084
5698.144	0.254901961
5715.2	0.257703081
5720.64	0.260504202
5725.472	0.263305322
5738.656	0.266106443
5740.448	0.268907563
5740.928	0.271708683
5743.2	0.274509804
5751.072	0.277310924
5751.872	0.280112045
5754.752	0.282913165
5761.44	0.285714286
5779.328	0.288515406
5795.744	0.291316527
5801.024	0.294117647
5814.944	0.296918768
5823.552	0.299719888
5827.872	0.302521008
5837.792	0.305322129
5843.136	0.308123249
5848.064	0.31092437
5850.432	0.31372549
5850.976	0.316526611
5861.696	0.319327731
5881.888	0.322128852
5887.936	0.324929972
5897.184	0.327731092
5925.152	0.330532213
5930.752	0.333333333
5932.384	0.338935574
5980.768	0.341736695
6011.04	0.344537815
6019.072	0.347338936
6034.272	0.350140056
6047.232	0.352941176
6051.712	0.355742297
6052.16	0.358543417
6067.84	0.361344538
6069.728	0.364145658
6074.208	0.366946779
6082.016	0.369747899
6084.064	0.37254902
6095.744	0.37535014
6105.184	0.378151261
6109.632	0.380952381
6111.52	0.383753501
6126.592	0.386554622
6133.504	0.389355742
6136	0.392156863
6149.984	0.394957983
6150.24	0.397759104
6155.136	0.400560224
6155.68	0.403361345
6167.104	0.406162465
6167.776	0.408963585
6171.104	0.411764706
6191.424	0.414565826
6193.056	0.417366947
6194.144	0.420168067
6201.76	0.422969188
6212.992	0.425770308
6215.616	0.428571429
6216.704	0.431372549
6223.776	0.434173669
6242.432	0.43697479
6250.592	0.43977591
6262.432	0.442577031
6273.696	0.445378151
6279.072	0.448179272
6283.168	0.450980392
6289.824	0.453781513
6304.608	0.456582633
6317.408	0.459383754
6327.872	0.462184874
6332.096	0.464985994
6343.232	0.467787115
6365.824	0.470588235
6369.6	0.473389356
6372.992	0.476190476
6379.264	0.478991597
6387.808	0.481792717
6405.632	0.484593838
6407.52	0.487394958
6414.432	0.490196078
6416.352	0.492997199
6418.784	0.495798319
6422.976	0.49859944
6449.184	0.50140056
6450.464	0.504201681
6458.272	0.507002801
6460.384	0.509803922
6467.072	0.512605042
6473.568	0.515406162
6475.16	0.518207283
6478.432	0.521008403
6491.776	0.523809524
6492.224	0.526610644
6496.128	0.529411765
6529.152	0.532212885
6539.136	0.535014006
6540.16	0.537815126
6545.056	0.540616246
6557.152	0.543417367
6575.904	0.546218487
6582.432	0.549019608
6583.52	0.551820728
6610.016	0.554621849
6634.752	0.557422969
6638.016	0.56022409
6641.824	0.56302521
6646.144	0.565826331
6649.024	0.568627451
6661.184	0.571428571
6665.472	0.574229692
6673.152	0.577030812
6688.032	0.579831933
6701.216	0.582633053
6705.696	0.585434174
6717.248	0.588235294
6721.6	0.591036415
6727.168	0.593837535
6729.888	0.596638655
6730.432	0.599439776
6736.96	0.602240896
6737.504	0.605042017
6742.528	0.607843137
6755.712	0.610644258
6767.264	0.613445378
6767.808	0.616246499
6812.384	0.619047619
6820.128	0.621848739
6829.376	0.62464986
6848.128	0.62745098
6851.936	0.630252101
6859.68	0.633053221
6866.88	0.635854342
6870.144	0.638655462
6870.688	0.641456583
6883.328	0.647058824
6912.416	0.649859944
6922.88	0.652661064
6928.448	0.655462185
6930.624	0.658263305
6933.344	0.661064426
6933.888	0.663865546
6934.976	0.666666667
6938.336	0.669467787
6941.632	0.672268908
6949.792	0.675070028
6953.184	0.677871148
6954.272	0.680672269
6966.368	0.683473389
6969.088	0.68627451
6975.744	0.68907563
6976.832	0.691876751
6994.368	0.694677871
6999.392	0.697478992
7000.48	0.700280112
7001.568	0.703081232
7012.032	0.705882353
7017.472	0.708683473
7032.288	0.711484594
7032.416	0.714285714
7035.68	0.717086835
7036.768	0.719887955
7049.408	0.722689076
7051.584	0.725490196
7058.24	0.728291317
7059.872	0.731092437
7060.416	0.733893557
7069.792	0.736694678
7080.128	0.739495798
7080.672	0.742296919
7081.888	0.745098039
7091.68	0.74789916
7095.072	0.75070028
7101.056	0.753501401
7106.624	0.756302521
7108.256	0.759103641
7112.608	0.761904762
7118.176	0.764705882
7121.984	0.767507003
7142.368	0.773109244
7164.928	0.775910364
7169.28	0.778711485
7175.392	0.781512605
7177.568	0.784313725
7178.112	0.787114846
7187.488	0.789915966
7190.752	0.792717087
7191.84	0.795518207
7202.408	0.798319328
7213.312	0.801120448
7213.856	0.803921569
7216.576	0.806722689
7218.272	0.80952381
7223.776	0.81232493
7247.424	0.81512605
7249.056	0.817927171
7260.064	0.820728291
7270.528	0.823529412
7271.616	0.826330532
7294.72	0.829131653
7299.072	0.831932773
7299.616	0.834733894
7313.344	0.837535014
7366.752	0.840336134
7367.84	0.843137255
7374.912	0.845938375
7379.392	0.848739496
7381.568	0.851540616
7401.408	0.854341737
7401.952	0.857142857
7412.416	0.859943978
7413.504	0.862745098
7416.224	0.865546218
7425.056	0.868347339
7437.696	0.871148459
7440.96	0.87394958
7447.616	0.8767507
7472.352	0.879551821
7480.512	0.882352941
7486.08	0.885154062
7496	0.887955182
7496.544	0.890756303
7497.632	0.893557423
7521.28	0.896358543
7521.824	0.899159664
7531.2	0.901960784
7543.296	0.904761905
7543.84	0.907563025
7579.04	0.910364146
7590.592	0.913165266
7615.872	0.915966387
7629.056	0.918767507
7631.776	0.921568627
7638.432	0.924369748
7638.976	0.927170868
7660.448	0.929971989
7668.896	0.932773109
7674.72	0.93557423
7691.168	0.93837535
7717.536	0.941176471
7731.936	0.943977591
7745.664	0.946778711
7755.584	0.949579832
7782.624	0.952380952
7791.328	0.955182073
7807.776	0.957983193
7808.32	0.960784314
7945.856	0.963585434
7956.32	0.966386555
8003.52	0.969187675
8124.16	0.971988796
8166.976	0.974789916
8167.52	0.977591036
8192.8	0.980392157
8310.496	0.983193277
8358.304	0.985994398
8759.264	0.988795518
9198.496	0.991596639
9512.608	0.994397759
9714.048	0.99719888
11185.632	1
